13.89248863590592 7.001491984767526
14.769853013490078 9.991709159042927
13.994618534523923 12.84339041809804
11.454767884211108 14.643780814044732
8.48818540063293 14.674145211332757
5.875130719378333 12.881589821629689
4.971484726566459 10.022858592265422
5.868432853635056 7.173030358022544
8.447858721125215 5.338329644792722
11.432358896870056 5.3466957358352545
13.993514547372826 7.0562098448130826
14.88418216945891 10.185323129494606
14.136912943283875 13.011844234475944
11.617605556415157 14.851541636760757
8.629746171053512 14.862606794497296
6.039335711950912 13.095238864324457
5.15093971846531 10.203470649755175
6.037953998998205 7.31490218991847
8.574655058485888 5.507607937288256
11.621214616958866 5.549566884402907
14.166648286832938 7.232675529230775
15.153330994228725 10.431543888103135
14.336864228676745 13.257455233521341
11.861556445899083 15.083622214364425
8.878824856179278 15.131202213364972
6.3204246462556455 13.368086201824767
5.407109031706639 10.452957554773008
6.301026604616297 7.557258950450134
8.844485749370278 5.772645081113012
11.863444511971508 5.813971771477014
14.438862033897536 7.48482861947403
15.508874521712698 10.753240190540254
14.664281789537142 13.575161799216545
12.219860558304092 15.43551646291668
9.178837817018021 15.502453182788301
6.68465344875446 13.698349967938796
5.754989421610404 10.808236581401673
6.643937923660403 7.920525790287712
9.163900185968501 6.140597390903565
12.170476368787774 6.1729372692856685
14.783496371602553 7.788221886458388
15.943207913520382 11.091962456953382
15.124985691848892 13.96290965108274
12.670238787676453 15.84288752757665
9.640887174555132 15.920712182104737
7.1449301707286 14.087621474995629
6.2299986867088535 11.181209818268016
7.132236963025832 8.322007578853572
9.566972904445421 6.543520146412234
12.57900309570877 6.592933796280505
15.257856886069504 8.154349677398002
16.38690252575242 11.53731473115944
15.573610143824041 14.353018267724593
13.137700878002448 16.29002136437299
10.102575418411831 16.356966758648582
7.616100969238516 14.504272292432972
6.707283605473549 11.579381113205358
7.621228468251871 8.701087376833982
9.94690171969333 6.957909742624167
12.979739689300871 7.006303996716156
15.692026528089485 8.543339274046474
16.797658577663384 11.904844381614055
15.97031184115066 14.75782990314238
13.56000719603891 16.716980991393683
10.50624883366936 16.817088110394593
8.01359320587261 14.923474726663699
7.098880310496611 11.963928549921803
7.977133926262965 9.133709028349642
10.331257192997256 7.356583337172751
13.337314246907425 7.450085321718575
16.077217727110792 8.944065278593825
17.22509297101203 12.324248255166324
16.38754864186697 15.154077927400849
14.02138668013329 17.14886517001115
10.995561070609142 17.229140495943668
8.47445286329885 15.327220915459947
7.558895028432687 12.348554065350214
8.410637797967581 9.524209749199898
10.753233173838098 7.731675544768095
13.744174721747882 7.864059611182654
16.501506725762354 9.348713814177046
17.686236425163315 12.709804889349485
16.80043881491231 15.656796055204808
14.473026057826416 17.607157088395297
11.379709763159354 17.658916976501928
8.938668974789579 15.708298253204333
8.007576726166306 12.767196444789064
8.837041797362389 9.928231119353939
11.137915099946696 8.154150444206223
14.174451431079802 8.283551921522132
16.90554839463921 9.740697708494835
18.097227376849787 13.235032343895142
17.23204888368896 16.16727410962858
14.929350441468301 18.08966715455523
11.747926677663543 18.142011861020265
9.3849010631738 16.107470792826234
8.443388000925722 13.205129804950275
9.23757034101611 10.37070264252462
11.542115601677168 8.603462153945728
14.54950715560517 8.734590965514144
17.29026450398527 10.191530871442069
18.517543422651983 13.740484354467625
17.63141581794585 16.689648584747474
15.369052198677977 18.605035462073275
12.099970006892065 18.679982321189954
9.799470495020955 16.55866505125985
8.81869622591529 13.69478610942295
9.579398812479738 10.813848678163765
11.916557667411496 9.082767070810178
14.914557333627215 9.167164521229424
17.63325931174046 10.676416858741476
18.89017362018714 14.286588116499061
18.02780364756279 17.21375392157529
15.789277443437967 19.13777547191235
12.437347444316117 19.213843234517768
10.1840711775762 17.0580799999983
9.193624381080625 14.169402092712104
9.949654004675764 11.290636142960395
12.27699415204009 9.552583986922471
15.28335918449389 9.654704424823436
17.984025946557253 11.209759434490351
19.301834666642662 14.850413731422876
18.429467294671625 17.774751321815756
16.203849598068786 19.723258144592734
12.832045335665896 19.737640841635965
10.592817590348915 17.542098659900674
9.608242366237633 14.647905199376652
10.325138329507638 11.787534192806007
12.664823421833091 10.071976420111753
15.683894480335226 10.165111390973493
18.372337374700436 11.759778272235081
19.725889692555512 15.36404072471825
18.861518847084085 18.2886522006888
16.644225877367063 20.278696502567982
13.241156389771561 20.224412936970737
11.01848542649131 18.006197185006414
10.03108456338073 15.116533081989914
10.721720178107688 12.247420095279566
13.070257009137421 10.532277089696663
16.102923222441007 10.660840546577504
18.787278873868075 12.254968564349085
20.121252653544843 15.931852938633085
19.268536093188942 18.823853391366384
17.0831505795866 20.84671796518728
13.626454092470112 20.739439805615746
11.429327942408321 18.50097187030194
10.411995836752695 15.624982333119917
11.08292167060877 12.738951315623154
13.469150254652831 11.048689705160626
16.497096126924674 11.169697831380859
19.154090638599584 12.808989825937061
20.536504292733085 16.449172362517146
19.691016380974062 19.372255835693323
17.518372312128804 21.431698786764656
14.013793894869963 21.28530713753709
11.84874678605442 19.008390202923593
10.829787764344303 16.108390412586886
11.499481893346513 13.238434366903476
13.859850081378468 11.535490527227353
16.931592825145955 11.677359784251891
19.58336261938186 13.3396333325677
21.031518013420637 16.96655805241052
20.16056107510265 19.91194314757739
17.99504541041749 21.963196918598996
14.498575484883474 21.813868699488665
12.307362201137295 19.525630265903402
11.266480566895154 16.60064666137727
11.956570920090172 13.714549573583113
14.331261875955676 11.994401627439544
17.387654966323254 12.180684545560467
20.036506867309782 13.87072439939729
21.616372646820324 17.50542498701097
20.73454240947987 20.481415114206555
18.537115501562383 22.535217551444134
15.052708556349842 22.37732776926792
12.832714872943455 20.063556688259823
11.779802932497617 17.124775314361855
12.417777623722742 14.228342794311132
14.826819105919597 12.517916329571904
17.89368826039791 12.69528027461699
20.58915467226032 14.385149671943552
22.232833724469288 18.11969405974392
21.357780371940862 21.104603100137282
19.132651734619756 23.123696197893423
15.651115758744027 22.98646417775629
13.419702041438654 20.661440725586786
12.319048522855041 17.70024003347531
12.925039837339071 14.781975002942076
15.35608180444801 13.083913305627334
18.43955588404893 13.291958779215463
21.178853592559165 14.995382522810587
22.889771847325562 18.766442971463718
22.019209377917434 21.769150454092994
19.780771967148183 23.763912837667533
16.289634868578815 23.64495836099509
14.063886012298994 21.26776438553108
12.93921357446007 18.293918410648388
13.512302141453034 15.365204685076804
15.897683116155036 13.697861662335995
19.039625827945784 13.902696222587622
21.83439596627008 15.626947651916822
23.59173924306957 19.434477037466323
22.73086357018228 22.439967423676848
20.4767853932064 24.464350472266588
17.0027995728759 24.30727316340429
14.74797246489591 21.927157442210927
13.610652524623006 18.942740747820267
14.112373929946585 15.97667837747592
16.56893939054875 14.320873503713528
19.701064992624055 14.557633342209158
22.52794599477302 16.298813056194206
24.280712412898893 20.06609288805987
23.44147753849836 23.104426563899167
21.202568774015674 25.121722770548445
17.70982190609888 24.963125074277073
15.428412907663045 22.56841644441839
14.291143846270842 19.54882331968767
14.767937099801003 16.58980001357061
17.193952750995038 14.925087775259755
20.353843826647022 15.20688725999463
23.250852411194558 16.957905460441253
25.003384618524763 20.69689712522262
24.167991512059587 23.77504111142065
21.944815679879895 25.78612424214191
18.437137868744088 25.597534464747625
16.13689911472153 23.22174268909552
15.010782782420875 20.159331631052538
15.417000164719752 17.180504006828954
17.897155804142784 15.545097466034747
21.064927439725523 15.830882323855633
23.96452773186087 17.632724859906148
25.739850636046214 21.328194092740716
24.900125232825445 24.45607127407773
22.66861634196934 26.478992675993084
19.164901188088947 26.25259117743417
16.81758810009441 23.912156014011515
15.704967765324568 20.791915193929214
16.078084268066107 17.829864327842486
18.59029295382969 16.206982987587566
21.78330771794637 16.509545329218128
24.66709000710317 18.301638975990272
26.492498548988934 21.995869699149125
25.66084180258929 25.149240393214413
23.432699329262277 27.180437614285125
19.932902412355162 26.945813196592837
17.557427209142617 24.622475098479313
16.44621185492757 21.477745083383653
16.78769027320631 18.489084052892622
19.31446038139586 16.886296485223454
22.533392095425995 17.179102971049957
25.396380151072293 18.982912432380374
27.259848579847443 22.65864119032571
26.43814197770783 25.824697192816245
24.214634505082586 27.855652453676527
20.70286266813892 27.596721735798297
18.344537163682105 25.28055688492691
17.185362017438166 22.123329496744063
17.526008880411382 19.11408434471089
20.007951015974683 17.53382562056366
23.29192095606254 17.818622878848586
26.148367155655095 19.648146180959145
28.041266013555443 23.34692637812678
27.22702465866182 26.526331155012812
24.989196358188778 28.52835385980933
21.493257426890054 28.274986130063013
19.130660828188695 25.94595228437285
17.990150300105284 22.788482747276078
18.247415311263907 19.77694320307279
20.787329564609962 18.196695137141106
24.07047568782596 18.48665105490815
26.941438321347675 20.312565866814907
28.838797374527104 24.03499181758599
28.027371089608238 27.22408405462005
25.770438539003166 29.20489772080569
22.290621712867704 28.94889518203101
19.907719114585447 26.63796200199991
18.771419397854487 23.482636192463403
18.98842962214924 20.422131694976343
21.56413486402508 18.86764167280461
24.845259616554003 19.163419262830786
27.718778512962842 21.010887225523533
29.617645331411353 24.72576066063462
28.823178382210628 27.91748136028852
26.531940813175723 29.884187656192907
23.071661344664633 29.63112014709428
20.670601832982825 27.319432209074435
19.505782646772033 24.154159986211397
19.72462642035643 21.049908292090848
22.330587528891726 19.53880018811556
25.611335704166052 19.822641449722965
28.479694312888952 21.690319022332503
30.41255073198957 25.37142848235179
29.613376198954867 28.557483049159742
27.281476119430224 30.336171211702762
23.871253903392912 30.259222273529303
21.464269524214387 27.963998741086456
20.29570162724636 24.798600254714458
20.477628204770795 21.721349129700698
23.11276025687455 20.167123682960437
26.394141015064633 20.485260963037092
29.26766431573708 22.313379261308413
31.19187286055002 25.96325029452146
30.376573109181095 29.046827707984235
27.918467513443616 30.343583930871105
24.408489080130863 30.39630010222612
22.178631985433867 28.488638875707935
21.023935762047074 25.36998732836173
21.231154515131138 22.28771481867369
23.86264395354368 20.740055756812737
27.145591852375418 21.074998837732977
30.035445272655124 22.90438880873731
31.88504741883426 26.401368463409142
31.084872486030804 29.414643667849447
28.386400721367878 30.29328291283403
24.96087837811598 30.238651054187727
22.670940498701256 28.78551626490963
21.647236353204093 25.80103725329205
21.887727017519495 22.73704627126412
24.549113810685157 21.191825493762238
27.84738593351085 21.538833704936707
30.7135619598389 23.36369752196606
32.530286418078774 26.74831021422338
31.704968807682818 29.72383006795482
28.849528935307262 30.23053722480644
25.628149164021465 30.161130636845712
23.095219377972597 28.94695918465419
22.251634677731175 26.09973913691823
22.520320842538666 23.084382352147372
25.209122282747103 21.536776861299202
28.510404006106512 21.885561470216658
31.358696987045093 23.715277188164876
33.15682953693661 27.053742359926844
32.27598551687987 29.997733317024895
29.314789015896565 30.23742842396223
26.213022213539816 30.218304844785024
23.547122631768275 29.103824098912426
22.848560829934925 26.292123087822034
23.14222419923601 23.353973649699952
25.848360614835514 21.85046693367829
29.15885700168957 22.19457343474572
31.992702720024084 24.031365706035714
33.76134349144451 27.299182325944486
32.84443906316011 30.150610446229635
29.76128739129308 30.19790150095119
26.719421105419983 30.204554747375
23.97840998191269 29.31322383993171
23.35411470911062 26.475630960602786
23.736727199433375 23.55778438811936
26.454420752845678 22.122741211585137
29.78716826420076 22.483572481595417
32.5837017746191 24.321352073889415
34.28914808926797 27.50562757551768
33.34524323852632 30.192602900288662
30.22520482536794 30.21581742217839
27.171535069356963 30.191399437000115
24.374591784231967 29.48133664669666
23.83329803480116 26.6143099634793
24.243904353616145 23.742719181942945
26.98928680622447 22.368202662202364
30.350381430373474 22.688981613930707
33.12085132939123 24.548302819439925
34.85035570857221 27.659449636556218
33.806891093759106 30.241904179498448
30.69416013843417 30.200522137219366
27.630028812581457 30.18256904726462
24.771085296410092 29.686542449509417
24.348882122054363 26.78346153348582
24.72392864960429 23.886075766522254
27.563367294168813 22.619830935967116
30.888891021990858 22.96215163173072
33.68040208752609 24.766850734199608
35.36113716833036 27.7354885926015
34.22342371639019 30.26995171938691
31.124652477719494 30.200185655649392
28.05025679463556 30.20642676565579
25.12222849172862 29.86843722151916
24.80718267958906 26.917315446569035
25.210602123266014 24.041442282544722
28.054662109846845 22.84876757111988
31.402033245854383 23.1700041143349
34.18715150026006 24.96920815446903
35.86964645119808 27.792093449373425
34.62875107560299 30.24665940113165
31.550957475162775 30.1623255686832
28.473103407310504 30.17805771919899
25.506510095738477 30.043023413386635
25.251520716532795 27.102844796165357
25.716929397674676 24.184854147019408
28.554907367406102 23.062530621132836
31.92475319792088 23.336017692871735
34.681523826441236 25.115594141933983
36.353517168547 27.865367943869273
34.95533311165741 30.276360165520515
31.9272004990124 30.164117893346585
28.83889670811925 30.164044619415307
25.858280181279937 30.16023386011304
25.65584987428892 27.258961881688435
26.13465613085691 24.391228928733483
29.010785488388677 23.265325525233692
32.3921371838851 23.486931573909033
35.09673350303008 25.237078751714876
36.83271308624964 27.94823605571466
35.32215242823294 30.305692750687243
32.3290874906445 30.163063351061112
29.273834800992205 30.16281700393631
26.280476066039753 30.188011011849383
26.10627307827167 27.38342469810719
26.620069919848945 24.512146891622734
29.501614294273793 23.43877949513228
32.87219917708177 23.63607588134184
35.53913343714004 25.313974428984864
37.32013600193281 28.01640743051837
35.75201653958621 30.330131761175522
32.731752368156435 30.140387969115437
29.659750887192416 30.13627721818031
26.7354484278992 30.172675412792714
26.57307596750114 27.38736943312037
27.09202354491586 24.601671667621332
29.992466405223837 23.509318193647147
33.306556316940316 23.754179281306776
35.95854587868554 25.40066220773751
37.74814196124416 28.048653964561225
36.12820023904999 30.450009732201522
33.079029232052534 30.101284963620117
29.983092466728422 30.165257682381025
27.051241513332286 30.2153358921297
26.918476675217107 27.42827235670964
27.511791175900342 24.65130374650795
30.42901307145462 23.598437304055352
33.69180058978435 23.819755541383103
36.355134493985474 25.423800021303933
38.057541600568726 28.07516794097657
36.49040299587247 30.55094288814773
33.41567220447624 30.101088294103704
30.310214953301283 30.12989356144847
27.38032146161305 30.198329688839436
27.266527038672308 27.452564703475844
27.925479775226677 24.676372272462714
30.80035594232622 23.653162819219204
34.04462690898818 23.85276427078915
36.70287777928718 25.410580833693672
38.40142864791298 28.15973212297314
36.86641054303075 30.67351651389835
33.75458858449315 30.101495185142596
30.644443803831336 30.10509967551036
27.707891920542295 30.187580599583413
27.589788576825157 27.41232478017116
28.299021157709063 24.715655964407404
31.192109906858974 23.715042628892803
34.38452506731177 23.914373852084267
37.058724107481595 25.49161873328117
38.73436364828294 28.318845929504363
37.220449397158774 30.820046275844334
34.08111412201107 30.091470400887218
30.928705563402744 30.121054534933762
27.99087861015832 30.255434769424852
27.902547671345758 27.45775824470695
28.66274871874569 24.737890057373306
31.591027227043526 23.817482805743552
34.7412534169205 24.00578588984638
37.42537968570886 25.598222273613075
39.04663544290801 28.445598408404265
37.5643678970352 31.034551601002292
34.405451245730305 30.143779741695766
31.231155456507835 30.17650185702206
28.276400772360972 30.23266114995421
28.16987441102748 27.508430617151063
29.029642382627316 24.8303462907638
31.959126971500666 23.94958614096906
35.05289993608994 24.162029379710845
37.786338196978505 25.737913542628235
39.33326842023138 28.551256765161412
37.92956404377618 31.20430224437625
34.670573812976585 30.15297088180006
31.547440868068293 30.14006442688583
28.609133162687172 30.21633138717685
28.450033156902265 27.56861265332698
29.427484375434545 24.88857267138968
32.31217760162181 24.05374659330353
35.39332103895376 24.28724201462984
38.1115480714824 25.84280507749078
39.619849604022534 28.655923087211107
38.28549134025957 31.327881789367893
35.01543606326409 30.15709849609351
31.871397600961927 30.148167704446422
28.934682603973712 30.274549737973956
28.734821902780624 27.59667843499082
29.787969266572134 24.967834480108635
32.6796503119873 24.199116608474867
35.73745106105741 24.37919842028738
38.41169992194742 25.937202541095928
39.89518741585644 28.81527571507361
38.6038994365272 31.455056236938816
35.326555202403824 30.152722716244426
32.148554420716465 30.145791594439444
29.1938048326584 30.301823145103327
28.92087222625321 27.61605680878759
30.085682961050665 25.027056426413935
32.979596853877325 24.310574851363413
36.006455980606404 24.48320525229994
38.71626293370275 26.00486946810426
40.21285528171873 28.92970383641574
38.94264566348478 31.632417127287
35.64486672067031 30.19921770034061
32.432937306580115 30.161021726953066
29.48250002924567 30.25744363485265
29.14747294933943 27.615273748410573
30.36905150316278 25.07864923958229
33.27105601735124 24.4021250823792
36.29912969714189 24.58728271861358
39.03628209522414 26.130819397702282
40.482949265161736 29.06489519540129
39.27785874646392 31.763795640712516
35.945407444147406 30.26346339918753
32.64087477483889 30.144330261692232
29.733382878626045 30.24133558958455
29.334583506057427 27.572415610014346
30.63873734745806 25.108102536623335
33.5704084787091 24.48921440097773
36.5829373808959 24.67154894556873
39.350266877038194 26.236235881595206
40.75834301876233 29.12780394834857
39.579931312644504 31.90834454015001
36.19149544627125 30.405313943972104
32.89225722638142 30.180743209437054
30.02292540131448 30.26703316861787
29.536917872202892 27.629708433678005
30.94026664346947 25.178058580976625
33.86576055277705 24.584590546414887
36.85136788197511 24.777619195686498
39.617685617041445 26.341701401666555
41.017054718827055 29.299357118324664
39.88723595185094 32.08839701152414
36.478779850789834 30.61396767988947
33.18265914081816 30.178576850230627
30.248842068820224 30.305292875719175
29.72505015858465 27.675312306644997
31.214525393845236 25.274177781311465
34.12118887433205 24.71517128729944
37.103565972938924 24.966508126755613
39.89521251745809 26.492099795661915
41.28400020895475 29.45614170927547
40.17910445871922 32.24850732726546
36.73988862991814 30.8093643657852
33.41846546497733 30.131677243658686
30.488988430003886 30.260716145546
29.860885827483884 27.66140924553025
31.48824941785213 25.331425138841837
34.393743892206714 24.791476937466655
37.375223294010326 25.053668452445407
40.194251816845124 26.566801462428018
41.528309497748864 29.52744975681614
40.45403983969507 32.311716307918545
36.974431002309046 30.88497711353773
33.59394701769298 30.12052987392319
30.696350580883006 30.19116864334221
30.00428238188512 27.628412060100345
31.71012898949448 25.382033551233604
34.64269999542667 24.855814080584878
37.596617744947366 25.102216172276798
40.433792319799736 26.696192827073915
41.7649963456997 29.623713047438926
40.673621886315374 32.46502840573393
37.207844160264756 31.050832438437027
33.82548312033529 30.186256683549317
30.90569895571508 30.259618572054407
30.13685019874511 27.666455042082347
31.968702253484665 25.488426979711164
34.86537631531078 24.966253097155814
37.833666748158606 25.247940638323684
40.66923193018482 26.840969226465177
41.98765969374031 29.770055213316112
40.94241546413468 32.64646201318175
37.43824676583958 31.27100506390059
34.077899295113355 30.21576248645202
31.18107465173722 30.26857003739576
30.297516264069344 27.743741065110342
32.24505059221585 25.59570069671507
35.156329342561065 25.095648084912767
38.159747957048154 25.333918872045118
40.91679663468959 26.953702706846883
42.2505048197325 29.882711493173105
41.23068883389044 32.72295796524165
37.6906330045293 31.419273849121325
34.353513143286335 30.185106270624843
31.457226126428793 30.240739415189097
30.434835757202165 27.756981286034176
32.52052942001137 25.68763856041923
35.42033360776844 25.22944397682167
38.46232469304732 25.40115710026751
41.19100822879636 27.045933193861643
42.48314651498964 29.969005445117546
41.496718719839606 32.8027552321706
37.94592273339447 31.568573366277562
34.61874898104432 30.16445758678512
31.7030794203431 30.224534042226168
30.588387766302446 27.720948779963578
32.782614110377864 25.743310218906004
35.69474628777749 25.297274063197378
38.73416956940932 25.489456831625603
41.4507510705576 27.113757677982832
42.71211635004792 30.030808591462275
41.732001077155616 32.87434619050478
38.17737055874552 31.690984400960104
34.82986944668468 30.148716717262786
31.911541010829694 30.229238518391384
30.71371546255139 27.70229202883708
33.01483703704295 25.793135899803232
35.92223379942189 25.37337970084083
38.9970740454325 25.494637850387235
41.6678614091164 27.144708441059336
42.91762097990215 30.111330224594752
41.94918763012386 32.94284048906417
38.36698623339902 31.804492895950233
35.01257901163444 30.11898068754614
32.07697889295294 30.24609909236611
30.88555903751383 27.701873733659482
33.20365225161339 25.826022296240453
36.175574467246534 25.380782824560015
39.23624990423431 25.48808076292771
41.900688191341615 27.186863732248753
43.0894532138679 30.190980887327598
42.132591730318126 32.985269405534495
38.598723681385536 31.910149687349715
35.20754795785403 30.12654523014733
32.29054391475306 30.20278163960893
31.04002179144166 27.687828398053526
33.43319798614132 25.906229429980613
36.39454244108417 25.453695513874322
39.466899296161586 25.5543049677388
42.08583951179743 27.297918545841384
43.338839472808274 30.242464842307868
42.356273582817664 33.12451654405342
38.85662719840798 32.11924421715801
35.47354058297768 30.213123565585505
32.52367076895847 30.2316725724981
31.241862642773725 27.73127931425887
33.69152562618737 26.06277642362079
36.65520373662082 25.574254523844743
39.72329600123413 25.684492685158418
42.32827197468349 27.4372796903385
43.638942148900696 30.352738013225206
42.67230349757675 33.2589255294435
39.16976762428497 32.32769012886385
35.83769350657255 30.276606884471363
32.86868605405293 30.215713568821528
31.46244602919299 27.8051754367757
34.04274825190299 26.16708969612425
36.96896978067306 25.684686379763164
40.05017354621587 25.773599355304597
42.62932189696335 27.479246469690622
43.90776429406384 30.422072661806425
43.02492729558509 33.28421187822883
39.51108275324853 32.45473441534571
36.17871473215044 30.388672269664312
33.19588566932791 30.214477235205777
31.730427395254182 27.7877113618259
34.3321712644679 26.254004887041035
37.281442044432566 25.74231063548106
40.37336655449462 25.762547158302567
42.96531226595906 27.49955522530861
44.17509011329028 30.459586374391748
43.290367990722075 33.40817046074753
39.774929613007345 32.65427721780014
36.40726669551765 30.593233774835767
33.48983230551693 30.232809973795923
31.92792216861389 27.83782343163017
34.60155807256733 26.42439065484038
37.56315266103644 25.827564830302364
40.63593904245417 25.861364480515874
43.18006956912936 27.636167186532106
44.4406249667355 30.63021380504162
43.56999109817855 33.558087471790685
40.07291864590633 32.9130923638519
36.692167483463976 30.816987321860083
33.77172456301264 30.219900299232023
32.1917909090765 27.93053125087914
34.923885233183455 26.56452077764385
37.88060871065426 25.944779397568823
40.92950907948497 25.98231492808884
43.43415612248512 27.729093560156628
44.758420093813925 30.736788404177958
43.90503986013661 33.69845199119533
40.41842835079538 33.12766090008577
36.97956059918795 31.030074282708455
34.101182171366546 30.233402558948512
32.44030158604022 27.972682070784003
35.2441688711686 26.66891372056392
38.19972867408029 26.037176167141695
41.25388568575531 26.10698293794283
43.75741935757583 27.848213903276488
45.02898223807574 30.830267205107432
44.15891822461137 33.818515096189884
40.6984613372328 33.35661318029453
37.191360206983816 31.263238551243177
34.403524289750465 30.218453443608098
32.65905672288335 28.02705115290634
35.53870777551566 26.770302014441057
38.425779942063286 26.177493480301706
41.49798634992456 26.217379443166436
44.02694365853358 27.971013562505377
45.21446701619675 30.975099640504098
44.33097569037142 33.9057371799816
40.942570470657 33.550530231560145
37.340168630369675 31.46734864863899
34.64052715335373 30.2107914907032
32.80968189144566 28.07497716590943
35.717202881674254 26.852257796133415
38.67394299640108 26.23151400107946
41.71133873772422 26.322401794737004
44.216355183156935 28.099688042425868
45.364232806411394 31.06816967026556
44.533242296001504 34.062060236031996
41.15089065982657 33.79314937419659
37.4807933146092 31.765601483329476
34.8368198393392 30.20985510655545
32.91694909733029 28.132245339598853
35.948257745074955 26.994389673366797
38.84430400598765 26.401042422881616
41.90969674912682 26.46559153221409
44.4280241387103 28.249567678325235
45.64168909672975 31.249810932302367
44.797470760782346 34.246677088187695
41.43768329915008 34.02578828286008
37.67324758761211 32.0368444718961
35.1417274874278 30.27717819105176
33.11039888887959 28.278111002792883
36.18277132365904 27.190785757384504
39.072889740487014 26.540388313354427
42.17119065897887 26.623965166421414
44.641169051327665 28.366570080879868
45.867081524916074 31.429349383843316
45.037491339841154 34.43662532859122
41.68621750364153 34.29383596540251
37.93158944801095 32.34296003275365
35.473263802401846 30.326254170713383
33.308000387717215 28.44842247917572
36.405866830261374 27.386661865526833
39.32763103659153 26.737163970044207
42.39710399333721 26.764289005979293
44.888475566828504 28.53555987299589
46.14362774152909 31.61624048861532
45.31325711400706 34.62693773117613
41.98892407450268 34.59473501089673
38.24125499283011 32.59617130276101
35.85403270978631 30.396419432624484
33.546119329061796 28.621480726542927
36.688972421722184 27.62255046359411
39.58632686440217 26.95732706044079
42.6348593760265 26.952985082733818
45.145762691994946 28.718185361750088
46.3847648996379 31.797117866216567
45.54519886196874 34.81910179685501
42.27884515106581 34.86033217370748
38.451762278943704 32.88626434499042
36.170163960957495 30.601349190743605
33.751932276650564 28.819861324966638
36.86733124279576 27.80545390239844
39.79380077493579 27.14756457769944
42.86683310633464 27.123786014624187
45.3697198271974 28.910181477796144
46.60775085747568 32.00235947321198
45.76267123143438 35.01971368045187
42.53784216554044 35.08898663820662
38.71673670983898 33.1531619166159
36.489192606530366 30.77624859486744
34.006308275572835 29.020495869476036
37.13078116883469 27.935566822320524
40.04998340827919 27.327252340527025
43.08064935408663 27.341338557274895
45.57702631107762 29.129742231373484
46.88976668139162 32.25157176419228
46.03909681118711 35.230903180906864
42.84162976687938 35.43122628054388
39.02697061576484 33.47603369174155
36.796084375542804 31.0760419621608
34.351820139743126 29.268945194719123
37.434612850019136 28.16477721362554
40.34106078097369 27.548028039098796
43.37520438119117 27.579162018450447
45.874907905976784 29.36518264784172
47.21014475229501 32.57361449706106
46.39109355939732 35.54347055338668
43.248579337388094 35.8205244810127
39.42087279966256 33.86822429550395
37.18335000570974 31.438487463261566
34.75693466093202 29.62314183668869
37.798295007976805 28.526676551987094
40.69050961156468 27.860132193839135
43.70217704396387 27.881842429080933
46.22466894337572 29.668247534701067
47.43461109456214 32.9648563832189
46.69386553856583 35.94617722451133
43.6120112230162 36.31712665769743
39.76601310071206 34.36623666574529
37.54694005267248 31.911619298358488
35.091693929885196 30.061482445206735
38.082377006947965 28.930868715130657
41.0003730847051 28.256889436775396
43.998088404114014 28.25420098120034
46.509357330851344 30.053747046328
47.660263969343305 33.386028853782534
47.0215963619701 36.30784732021188
43.973599066973975 36.7747526589547
40.11897056739386 34.83943579897257
37.86130470346845 32.384522648058976
35.489076395939975 30.287041995293663
38.4097282222547 29.360542114799642
41.30739241645742 28.609530225643084
44.298745250470006 28.623816525467703
46.83140132430401 30.41245753623241
48.068544288896504 33.68065795525992
47.421981343097144 36.605542912122914
44.41293085950542 37.19087804211725
40.54184595102036 35.23201032514039
38.292223318426096 32.731588399946844
35.99057190391767 30.47717673395347
38.774835757339304 29.72608193243201
41.68300014771951 28.951271890999166
44.70769723261597 28.899083758000955
47.1851212044204 30.684737983274417
48.46414785771333 33.99244583969116
47.82993605360821 36.909771203589926
44.8546567614444 37.61846773842487
40.98218417146748 35.664499763230396
38.7133469444758 33.15032451862258
36.417469263133256 30.784820611252925
39.20484384486096 30.147553316429352
42.056491563607395 29.310791272782694
45.049016971586184 29.22688165458912
47.29645928658448 31.041322757155953
48.7766380218801 34.3631775673834
48.11894341873949 37.32007565964261
45.19014771304245 38.126421180324485
41.31467879965055 36.18013710685037
39.0082152359963 33.666491848456815
36.72577375026732 31.26778268086059
39.516422519075974 30.612639099799168
42.32628788723214 29.71246855895211
45.239670310886254 29.55804906433191
47.23927844706856 31.46290891088323
48.97279357708706 34.76808408388587
48.31741759488261 37.77200017088566
45.421261355662466 38.6636692627379
41.55285160200086 36.73273279788771
39.268284053423656 34.22110752461931
36.99572064261868 31.824810171402973
39.794040198539776 31.143027540870293
42.56014886936873 30.160674231259662
45.391460671257164 29.91187728132701
47.24533224317389 31.969806486891642
49.18329004278564 35.199468541629244
48.55064799257369 38.267636745607774
45.691628589260574 39.243195690152675
41.8065961938795 37.3278245277932
39.49013568817813 34.821931637600244
37.16895135342024 32.439654953802275
40.00924232407726 31.713911700121244
42.74493068135817 30.662613278285704
45.56253430111656 30.269293823293253
47.28090314007963 32.501224615790846
49.38541130246824 35.655922995231975
48.70949818667941 38.71104505780322
45.90300152330241 39.77821134051311
42.02783270021544 37.83277033489878
39.70292682507498 35.33337157074358
37.341495521907234 32.97956790530529
40.179318601328276 32.240826955296
42.89805251482923 31.06674516790649
45.707345706780956 30.61391447383464
47.39501553480574 32.98650422440454
49.61647088627802 36.14846064372625
48.9197130541875 39.19389087775609
46.18246270683568 40.31305170437622
42.247992837327445 38.397783191726546
39.90135514369176 35.87422927209994
37.57754926428589 33.533852897254434
40.41416390052255 32.779003065849054
43.06620144048779 31.527906473870885
45.94940233631729 31.00296220380207
47.59713701341485 33.46968402369916
49.854028040731805 36.655267894576156
49.19114212622219 39.65745227598356
46.43129474537892 40.896567342429364
42.51215016514598 38.98389124540006
40.12052027154408 36.45858535654422
37.80643504554109 34.11532055720136
40.65437785167862 33.349486493846086
43.30431405030183 32.038146658675416
46.165517406331674 31.45178059015717
47.89290868100443 33.942581787010965
50.19482388491389 37.18626898831414
49.434413279505975 40.22256747990846
46.75629833594047 41.52610478930106
42.83666928132594 39.60976834967629
40.394649296383136 37.097727813359555
38.0871225883067 34.74937466971994
41.00035235440615 33.96351333028643
43.56821148544134 32.56392581784888
46.47128756772432 31.98531149431477
48.25625241399649 34.48226824360347
50.586142208360855 37.7864618154651
49.79219645490852 40.80568028187594
47.14180409454249 42.203984526380964
43.250572679250126 40.27366161279777
40.775910616477034 37.76955302509424
38.48736963605833 35.400139320660244
41.3819710915312 34.621544930303315
43.90840399594225 33.1901039749782
46.822472619175414 32.560407567513295
48.71616619654225 35.0244912664912
51.00606646807242 38.40102323316705
50.201421505271014 41.43410760145039
47.56496806132043 42.912891446072706
43.67326137967382 40.97900891803124
41.18503100607822 38.47020563480032
38.86766180961068 36.11416136310902
41.774757208262116 35.32245104132018
44.30545124387194 33.837111245298956
47.20420653126217 33.19966830518203
49.17018014616724 35.65897198664929
51.42550973765964 39.054359960084426
50.605933085744454 42.11590021190011
48.01038889525577 43.64368599983959
44.10053443072027 41.71666024707176
41.59942816914656 39.2060691982047
39.26808092107147 36.82691108762974
42.18491961223923 36.050495907612984
44.72479455906489 34.504799606262594
47.60006673110138 33.85935610487856
49.6385558213488 36.31611425643436
51.819988232971326 39.745613028167725
50.997139343457945 42.779289380023215
48.43881923325219 44.36514954207729
44.51706782546785 42.457987429648696
42.003875503031196 39.951373488113205
39.681171031225546 37.528978577988724
42.59671990450801 36.774208578813386
45.08938548246073 35.16675602415734
48.00808593073117 34.537751768903036
50.08168362911795 36.967200526184456
52.278972391638774 40.393338899044295
51.40695990272559 43.47046726500702
48.87373857461188 45.09959792101395
44.949972425451136 43.209480969948146
42.413983475581205 40.71655663640598
40.12784265203612 38.2492349515976
43.04514382328347 37.503959022477645
45.49688701614281 35.85478617697447
48.40488156716711 35.2235706638354
50.53034196589141 37.685946959620665
52.71751814018245 41.06987490367209
51.888582548822484 44.12535081712542
49.36739653372382 45.80878059366529
45.43498285820755 43.96003596003979
42.88219954083702 41.47630648974011
40.573112104591246 38.99848821589745
43.50446972340757 38.253780877376045
45.9456146613108 36.56725802409045
48.864137433930296 35.91272763933142
51.02937172373154 38.36064442443754
53.177967038544466 41.832452568464916
52.36152075844976 44.87381043372349
49.84954854754048 46.593443930264954
45.9148247319653 44.76937293216412
43.35006995872908 42.28909558717757
41.04891487611138 39.79429095186633
43.99818153111235 39.03553961638555
46.396794716093126 37.29813903392571
49.31664022668497 36.67713605530608
51.53661598393873 39.07043555015315
53.632572570045994 42.5652700071297
52.79885560592899 45.61499725106654
50.30073365208165 47.35352571871033
46.36376359614644 45.54378839815678
43.787875842038545 43.066721416531664
41.50765890097709 40.5395051910715
44.44085676876361 39.786272335081236
46.83295538211422 38.02045827827354
49.767218719414274 37.430179357059984
51.98291611605151 39.78673942222932
54.048058063016555 43.32921185054275
53.23498891015123 46.36663146852567
50.752629245152036 48.12769480136032
46.81243968511933 46.34434409375439
44.202142571192496 43.83992473450121
41.959998050354216 41.31436151085302
44.9029083384973 40.555753128275896
47.24716402553918 38.76260271240726
50.19914579122343 38.18176929425948
52.43187795144377 40.52006323002176
54.465772202039716 44.07879696074002
53.63897677613812 47.11804363143091
51.17286969846106 48.89827719539454
47.241588517676576 47.15441668209408
44.605598350370485 44.633965131110955
42.40523498792629 42.11761590520925
45.359501071117876 41.314128122314955
47.64330073399981 39.50186952223601
50.632184585996725 38.922463274416316
52.84007435352768 41.24984571707785
54.90814954856424 44.83415589217731
54.06386192951567 47.91582337515908
51.612467599104434 49.7076472135779
47.69556649256509 47.992512553511375
45.02275228539625 45.45806868541001
42.86454543221552 42.94565309609786
45.818877171494705 42.136873108189405
48.07645119545367 40.27536750217905
51.04238735833266 39.70507590830968
53.27253618441813 42.02741063838917
55.36032285105952 45.629152290387765
54.5238903281967 48.722871312470716
52.08514508742371 50.528790709418246
48.178010803970096 48.86487517544401
45.48284922766223 46.30403783942501
43.359048723515116 43.796019682925106
46.2965415994953 42.979145654497586
48.51782226287486 41.0451460826618
51.44310367084708 40.53169410989588
53.74237797232291 42.82454785345618
55.82523384568174 46.457530881521336
54.97315132406027 49.5398421805086
52.543847611857075 51.35671374465389
48.66993598661219 49.72401677845539
45.942736373245964 47.13058112154255
43.83516491190716 44.64755446769709
46.776790546575484 43.81737162348088
48.980860206886916 41.83554900782519
51.910188920087904 41.315715188307195
54.23177637876887 43.61923052459824
56.33800237411103 47.28146239283245
55.47775445136202 50.355235114090306
53.06462581555638 52.180964028322194
49.194603574751795 50.59184839505065
46.448070653994364 47.974284598586536
44.38121692942207 45.47781984400609
47.25915470103661 44.63493295833737
49.4764317503037 42.64398718965967
52.411879649246174 42.13524440178581
54.76059992380368 44.43242733027324
56.86664790122819 48.069693257860706
55.984979255222925 51.139814600236036
53.58224133570832 52.97526140861609
49.70344470988539 51.41378188113282
46.94817922512047 48.76896850143902
44.86289884133757 46.26198950063292
47.7332815851245 45.3795810763435
49.94958373784414 43.389467388642714
52.907648167632004 42.89395170905263
55.30359277641122 45.19570084411569
57.382982793207816 48.84603297505606
56.47434569964935 51.90332540042726
54.073332274176096 53.75119003554235
50.20407424089876 52.20738299066386
47.4047902308987 49.55436048523555
45.33369723204754 47.0274741412598
48.21131434174882 46.12999911726081
50.40621484819144 44.11165504466226
53.37656352709337 43.66472276083954
55.8219151589409 45.96226445022714
57.887487080732654 49.62017954895316
56.97700668692255 52.67206153511967
54.581367639702194 54.501977914288915
50.69384523119783 53.0050576567408
47.87778826596764 50.35969994488772
45.85016260647774 47.790893434386646
48.71425073580917 46.88438921605794
50.90487728085904 44.859530708278726
53.859451148568894 44.41641048481591
56.36764583958876 46.72135509023502
58.3957124683198 50.36396090920755
57.46720470735323 53.385681724088045
55.092053271274665 55.23171972701539
51.22223852584784 53.74997185967487
48.39354314364212 51.089457826752835
46.39197244868461 48.489894551077214
49.24334990545694 47.560119620986
51.40115821155939 45.55960944058597
54.3720337212863 45.1068631004722
56.9004353333699 47.44652420444481
58.89714147910064 51.07799824938431
57.99238165019955 54.07578171392089
55.58022534271075 55.92158237026953
51.74370972066194 54.46714769655247
48.89788543425516 51.78860524143056
46.89749194855489 49.151964402422635
49.743333073604845 48.24210575955448
51.85355197694338 46.186456066349706
54.86599032178603 45.78126484327959
57.426611555405316 48.15805727076889
59.453540370570124 51.77626713376813
58.54493236501395 54.74801004748872
56.1273296914257 56.597674327159666
52.31821618208508 55.17813385355697
49.463463140417815 52.49436470256555
47.45312510018218 49.843315754122244
50.31154262765716 48.93422108883237
52.41344971777403 46.860806158052526
55.44315980150492 46.48161238623652
57.99857752009069 48.85977578244456
60.036640351871256 52.49852524322074
59.1084073729229 55.465648485982086
56.705446529486096 57.304352277430695
52.91686436722728 55.926256822246074
50.047685520287104 53.24252097257349
48.022430364388754 50.56150303170517
50.91899150179211 49.66580313193322
53.00532346744029 47.55391555302347
56.043054161013174 47.19625109878751
58.60980476536869 49.58461446861696
60.63721076561134 53.216980498207505
59.686518564681364 56.19138009916034
57.287270627690305 58.02666578920895
53.51289133744439 56.67735108418526
50.614390316486976 53.98883166836288
48.62202426155392 51.25472547623164
51.49406252424512 50.37347079925138
53.57938536599488 48.24377234043746
56.65274572812342 47.91513023657788
59.19598399374138 50.32556835881954
61.240600825008414 53.938272562143595
60.273251867694825 56.92208430097563
57.87152430678685 58.75307786611842
54.1067981854859 57.44943281894655
51.19385676860401 54.72652161642975
49.22074380050296 52.00640279624551
52.08595090334717 51.09653572575792
54.17338121640901 48.969212994635285
57.257688665789885 48.655658477995615
59.793450135606975 51.04535697054067
61.846399589959844 54.64634846037879
60.85448518353729 57.636014691699046
58.46557591047056 59.45758989496122
54.72520412787787 58.16237100827743
51.79326410089405 55.440527292255354
49.821258374421205 52.7185587858294
52.701103884605715 51.785205825124365
54.76108722542355 49.64323402225864
57.83602038497662 49.373302659322206
60.39207793554087 51.726742506828316
62.44873671406083 55.35498034712242
61.45325572886318 58.34964310437863
59.07842223957499 60.12937371342065
55.31084222891727 58.3738470951634
52.394933597126794 56.12544700483542
50.42313304811515 53.4075728686276
53.3165481645473 52.48623030865477
55.37349675057362 50.32140933668171
58.45686153159622 50.1090307284677
61.02734460214708 52.42658105657114
63.089274765910034 55.980942679426676
62.100641775599 58.92952737339044
59.711305252584964 60.70641934096864
55.94437503465622 58.34934314524784
53.04302415953728 56.71755922100837
51.03399600097663 54.001435994305496
53.960322001223574 53.10854747857195
55.971986600568755 50.91301783307384
59.09390186274845 50.7572410462985
61.68533858355852 53.05072267782367
63.750422235577815 56.5306736339798
62.749132455496635 59.45730192770253
60.3589525220969 61.22821437590892
56.65597647167607 58.47282739423093
53.6853171132413 57.240290717797535
51.699474244851075 54.51039043858023
54.59629834270527 53.65505737651364
56.597949337511125 51.44777241972628
59.75028367082231 51.32898685947845
62.37465818701199 53.59751632510677
64.37773721379594 57.07683388678771
63.40261648317724 59.98498179480353
60.98213657113422 61.766675250919036
57.43078706014376 58.799155576843816
54.297805312525355 57.80594971272524
52.318731810589384 55.06302602725904
55.24053254142365 54.2034773117212
57.252860499908365 52.00561287138373
60.411429149044295 51.89729616908721
63.05047176659309 54.158815772825676
65.03468813981533 57.63374550111794
64.06293757309982 60.5375212897066
61.62098486026096 62.33641233588284
58.091394249377174 59.3891950911285
54.9587095383381 58.28557180403919
52.992370992931626 55.647620020164595
55.883581969310995 54.780445899909694
57.93062103474551 52.597920236852076
61.083914789732034 52.47636838402153
63.713810124691236 54.74438265158426
65.66424300743907 58.2118990202236
64.69874878044874 61.10147241718806
62.24523029023658 62.930882607773725
58.70076758261183 59.97618565994202
55.52755611784971 58.35180155119207
53.55495428550216 56.194039343951374
56.49251200382986 55.32119503871476
58.52661855497547 53.170565591447314
61.718192213607125 53.08805428319931
64.37239379539992 55.33492897802432
66.24680123410224 58.7414382661793
65.2831804353716 61.623950485477195
62.81936093711795 63.46212088500425
59.27057780134288 60.49463717089182
56.11479787608886 58.391310333109175
54.032887457929604 56.533766143768275
57.0706429890983 55.78319995771554
59.11363247328035 53.706222632303536
62.32545137750324 53.61316605299524
64.98947303865128 55.86477753079063
66.81414405265804 59.209560062438584
65.80641408337482 62.11229071117407
63.39296460234033 63.93843039568307
59.829996548895224 60.96999188201187
56.737898605467024 58.587228359948256
54.497906091179175 56.78702599956557
57.661847715047685 56.11805801757973
59.72062065406192 54.10850386000374
62.894900302463384 54.086182836935706
65.59233796744459 56.33141666597834
67.33060140965642 59.65035847255419
66.29135528835113 62.56925120657746
63.91277562091895 64.38123654090782
60.33337537301776 61.44765230952555
57.432773832941564 58.94424804930486
54.97653478294663 57.10901911235132
58.21389834908595 56.41865707713666
60.288241855735606 54.52545739245795
63.40978291694171 54.56032717578279
66.13401792231815 56.78062615975142
67.84202702371886 60.099400309796124
66.75504195141264 63.0389094315243
64.41639159588715 64.85203163683917
60.81099673576614 61.97614941456894
57.99855041039601 59.50946149327061
55.48528384916017 57.593585892564306
58.73054221788635 56.81640741504194
60.86254918496206 54.924799221921035
63.9427951431839 55.047722641294314
66.6399970160873 57.25255364698012
68.34266316596012 60.58670424918165
67.23737401465013 63.53994891969967
64.91023791987692 65.36269694062548
61.29144644146396 62.54073117568129
58.474125064934185 60.0682159408706
56.02974951399426 58.08567954072353
59.20948900448343 57.28310254139083
61.408778860039746 55.371248286106834
64.4884712921488 55.55140372981188
67.15529087906606 57.7308698770868
68.8202684889041 61.10303129462909
67.72070885261115 64.05596480230122
65.40133584547897 65.89238956142515
61.77283158775572 63.121146858031125
58.98180453506299 60.627629285542525
56.625616382792714 58.37961463184959
59.71355115083617 57.77448504562602
61.91550807264048 55.85846761672036
65.00910187820534 56.117042272986964
67.68849928142373 58.2098996668426
69.33370743947654 61.60220529011457
68.2470565534718 64.54726420863261
65.91169194031002 66.42135491581166
62.29006713139469 63.674864009467
59.49550580249692 61.16667253602151
57.28466373767432 58.6706012889162
60.22514917831265 58.27655674772379
62.429931461871604 56.32942907214243
65.56355517480495 56.65237148129219
68.2085149539264 58.719007622571155
69.87794049034702 62.1495180826785
68.82027321290713 65.07508016399143
66.47337037622782 66.96773322373059
62.861718633833334 64.27532974151637
60.02977330347099 61.78466802709599
57.85702813558879 59.22556538904894
60.80002684189867 58.85288911686504
63.019328659680866 56.89970986891211
66.15654647672687 57.23115746544883
68.78488801779235 59.26311527177313
70.41613309360213 62.75149703309063
69.40269577525856 65.65324458433918
67.0127582985047 67.58865311518747
63.41589283108527 64.95342184483559
60.548779575278076 62.466336168009576
58.36096342388194 59.92328825176267
61.335085990979564 59.5112254867943
63.56811823921751 57.54802670043546
66.69757590394846 57.8639487854698
69.33367764035552 59.82912411349247
70.96527378688128 63.35743847975601
69.96295820882528 66.26338707545631
67.56550204946217 68.21867808755871
63.98251480795267 65.64369266530889
61.10251418128473 63.17104711668634
58.91014801402446 60.60208854062532
61.896635160675714 60.156579075854665
64.13094586207404 58.21658901148038
67.24366218455589 58.529455429145656
69.90161639486399 60.417030054948725
71.53431323079838 63.92406896043502
70.54957562379815 66.86241173539241
68.13783891972679 68.82609123101898
64.55031103048975 66.33254491382098
61.65883067632612 63.858149350126325
59.45049453098969 61.301546760701456
62.48483785971041 60.824213434667996
64.71255081720233 58.85814548339232
67.81077922088446 59.1080612944468
70.46397166190553 60.99166164072608
72.07407424912165 64.55496968459909
71.12112706673003 67.53406958634014
68.70928156436133 69.47030713363262
65.11046260815093 67.0511281987961
62.21646477488778 64.55307141838495
60.01338131055735 62.013306613946924
63.01673519987543 61.49691505648863
65.26889943706226 59.54418750687816
68.37865680332672 59.77416731832284
71.02932553884511 61.6435502944569
72.60251771953148 65.23408352428385
71.62712957578665 68.2548006671056
69.22437838860424 70.17923755968783
65.62759958640129 67.82456492466946
62.73895456953639 65.31553689688218
60.54901824850907 62.78735802441042
63.55714810786526 62.234488963970875
65.78776697329704 60.26945787604359
68.86982363454362 60.44118792964798
71.50257256912101 62.34674540273272
73.0998879415067 66.01429291522308
72.12764539449245 69.03868862531152
69.73492773115288 70.9358598186941
66.13913925395187 68.65532865874766
63.27487331877461 66.11810847458423
61.09260492320266 63.59923787516934
64.03075169216967 63.00473999679929
66.31304269601509 61.04426394859371
69.33953278916186 61.17128377469561
72.00326614668833 63.080053462808905
73.52969010406031 66.83967874247065
72.55892984889459 69.86199239857334
70.1900981266599 71.73346786122357
66.58278528987222 69.52077727761406
63.744975168981114 66.94674893780393
61.526626783074875 64.4412238256997
64.47305639903226 63.83003880036085
66.72184393735961 61.8167961258888
69.77900927939424 61.971825257694434
72.42692248748338 63.86257871548969
73.95128643041949 67.60611352981522
72.97540723699561 70.66230411870072
70.59625277347962 72.51363774707943
66.98880054489649 70.36711678133145
64.16648451112619 67.7815383300279
61.93149654436775 65.29003188237527
64.87187612432035 64.64727243872355
67.09286838135523 62.58652790192804
70.15896424237116 62.76763128861495
72.81322999914511 64.64954938613278
74.32735059211421 68.42192760068644
73.35169481514023 71.45408134773987
70.97293939851207 73.34163744441705
67.37578902447177 71.22491149387074
64.5195352925773 68.64476611062153
62.325329798924656 66.15021808753843
65.25057502170125 65.48950557426423
67.4805672083586 63.39818051903225
70.50956988343174 63.562389895498626
73.20785606280035 65.45738267983148
74.70449056740202 69.19705328563055
73.74173941372794 72.19651739681524
71.3566816572602 74.09309282039567
67.78433872845699 72.01536472341826
64.93445744343316 69.4308035388749
62.747464463340464 66.95554235703324
65.67496801013243 66.25964111693384
67.86065454957765 64.19269392405772
70.91610679032635 64.31144530913434
73.60329241248616 66.20376802491995
75.06529633732171 69.92802798621665
74.05728818144644 72.94248256313125
71.70430662865746 74.8455292019122
68.17100556801256 72.8197099800675
65.31381442463845 70.25213096737508
63.14242865425055 67.77298671106311
66.05591988861971 67.05486331344551
68.23484128585375 64.98943454420885
71.2953578176585 65.07579436919661
73.95526279375292 66.99268020707183
75.2818404229609 70.4883801385646
74.32826252807041 73.46857637376615
71.95256003195902 75.37444629627618
68.49077524264328 73.54765481373084
65.65187571427202 70.98580605245701
63.510318125703236 68.50440635799697
66.36140436428704 67.65221722092718
68.55123439793329 65.60358809402811
71.60392990003908 65.64962153610526
74.22638322240681 67.54017666674807
75.46046697254593 70.7147531446833
74.50143283502945 73.70972265865538
72.10566181468886 75.62625949776339
68.6641923306075 73.82271548767017
65.88447302855451 71.32697874929482
63.76972936629335 68.86600966049147
66.54823318081424 67.88985166482462
68.70250521705341 65.83351484462429
71.75286356695938 65.86488141509108
74.34254832485033 67.76813444435919
75.47303912001394 70.646933799404
74.51626678926078 73.64422896116173
72.13893989642256 75.5482013040968
68.7054446133753 73.77141544392123
65.91593391037048 71.34249697257252
63.868512138853106 68.8425936660301
66.56034503053365 67.83147832117268
68.71852462001476 65.74138129408803
71.7650902957293 65.78194588108266
74.37340842520604 67.69286922274156
75.37359354785997 70.40003333332595
74.48628413385853 73.42421117060215
72.06851191594939 75.29377509671025
68.60494811842085 73.55947494799784
65.84352241558295 71.2065713959824
63.850012466531496 68.65875467316192
66.56490203434132 67.59345638600405
68.67177819575807 65.49327761943198
71.74548146697163 65.54635542883
74.29804831895973 67.43947635627725
75.24749076423558 70.0029962190896
74.34098586302 73.03130068442869
71.92281775568159 74.87804928842843
68.45184871560042 73.14942215680941
65.77104593595834 70.90816862710557
63.793949752576935 68.29211103457502
66.45762838275073 67.20511328842295
68.57672051013026 65.07265726370252
71.60947314618016 65.13531461031201
74.17341669371908 67.02686629152396
75.07677716713454 69.49062348030975
74.13560082573173 72.51940244128849
71.72081637267576 74.35174890774752
68.23609800067868 72.62849613449609
65.62543978610424 70.48166140972899
63.63479453982973 67.83693755945885
66.31609199822515 66.67948694629987
68.39210557915507 64.55152054802625
71.42514502292812 64.58959990794699
73.99133211750012 66.50636242459507
74.82521248729157 68.86265648668189
73.87363185896089 71.87397803927979
71.47728941598012 73.68030452813363
67.95259493018125 71.97022343645205
65.3890310017081 69.88878667272735
63.43514227412879 67.22931566604467
66.06821326384232 66.03189485214307
68.12943123622009 63.86962755764495
71.17739882501266 63.90246554651901
73.74812124405258 65.8268843389605
74.49898361449601 68.167939392829
73.59212735913087 71.14124341840741
71.15854026660486 72.928010557687
67.65135010392737 71.27217315835543
65.09593193715065 69.22779054092805
63.200552471514584 66.5419915552516
65.82654409607355 65.34823248613262
67.84301090488628 63.14419247760259
70.90080311908673 63.16239427954807
73.46258823583446 65.08936843631147
74.18374768099392 67.47272945237302
73.2682749460227 70.4308840319581
70.8123352283207 72.19953368659219
67.3299167293556 70.56660747666399
64.76695756090396 68.5404567116363
62.93395182371901 65.87942867020143
65.52732004894648 64.62635417008875
67.5604875107885 62.41562721912152
70.6043482274849 62.43026723611945
73.17622085877446 64.35224617178466
73.89820422744793 66.74038501572898
72.93924653623395 69.68928162198137
70.48628803326017 71.43392181624691
67.01597501730919 69.82322138813095
64.50258718223466 67.79946390112147
62.69495125459818 65.15655105317694
65.26115021784864 63.9149595927492
67.28084613440484 61.623472185273585
70.3129616895821 61.649914023108494
72.88062821887132 63.57046163885724
73.63563259909131 65.97301936214387
72.6574816149934 68.93540494069063
70.20191130488621 70.65753613125628
66.80251348037766 69.05136316891242
64.24613668908577 67.05742922076439
62.46593090940493 64.44618126994322
65.03915331504726 63.16933746559499
67.02071720332486 60.860570374711955
70.04164033280347 60.876689749637364
72.64249858310103 62.83080620639848
73.29936813151576 65.19988693033889
72.29876209934403 68.15396481765663
69.84232513763445 69.87374682514337
66.46855510885612 68.31045442321718
63.989490126052914 66.3359747918579
62.168460494591784 63.70685624090555
64.75336989612057 62.381384069606696
66.65328325559454 60.061884359378354
69.73846594569528 60.079771318359604
72.31182820629553 62.011159057034234
72.98988984460081 64.39401088320608
71.97400368958776 67.37748067328238
69.50739708474225 69.11386861027484
66.17853178674679 67.56437648762278
63.71610717035807 65.58889644436363
61.895091938549484 62.97459138162577
64.46165288165517 61.6078980759703
66.35905956013238 59.23922675909395
69.43682009194649 59.2815459734789
71.99791476447609 61.198723779394186
72.69723617290359 63.6455232409283
71.68363809146626 66.58092442660958
69.22706525883873 68.33911062400142
65.91273787548297 66.8047273462239
63.42464648140225 64.84325246608054
61.64637806213108 62.233501803585284
64.16491611115276 60.839141275050395
66.07056079487808 58.42971761873224
69.15871519591144 58.469120001769
71.71057900702885 60.383095296706244
72.38600577565859 62.83721656445158
71.37605407195892 65.77162735523183
68.90106245491535 67.50972033813764
65.63225014212782 66.05273360817154
63.110993211162906 64.07590131553957
61.361427827990724 61.50020009801793
63.87528445197202 60.029054636613694
65.7786573501005 57.5847868266693
68.86708181497698 57.61212518821259
71.42321333363299 59.5381616508767
72.10924006680617 62.028532637446745
71.11136576319305 64.9831497518019
68.61366497733567 66.703353938558
65.37851716305403 65.31365043323154
62.846350258466714 63.32115540881864
61.1222438440667 60.726008795531754
63.59333420670512 59.22171105925946
65.49973032800324 56.749305205482244
68.58564028928481 56.772800624446745
71.15100390393212 58.701878048275745
71.84388348811567 61.1986379949287
70.83110515655244 64.16887362232592
68.33570465063048 65.8671333165278
65.11158717289675 64.52168915320152
62.6140879983206 62.585023221464695
60.8743038170127 59.94808186753511
63.33390635799236 58.402857013192914
65.23362061823113 55.90486030885327
68.32062704550981 55.935978062307726
70.84790006798306 57.88164054689179
71.53833164629918 60.39235096825985
70.52465420495707 63.38050987288565
68.02382656024889 65.08071842608703
64.83728051788967 63.761380664779296
62.33039651883587 61.84571639086596
60.596991657010534 59.23328900167115
63.05560688864148 57.61002567370846
64.93759022209485 55.08389023893085
68.0111613458939 55.12109793056271
70.57071433171646 57.06373526532474
71.26646250098219 59.612041933819455
70.25830620430537 62.59946173368627
67.76052259539557 64.30074174126739
64.59635561364843 63.030482258251595
62.076605578231124 61.11074833342201
60.328816311246214 58.536407337756316
62.76449651216774 56.842130271019585
64.6480997235542 54.28813279616281
67.75282146137846 54.326778682522104
70.30783807125505 56.28145957661201
71.03145411169226 58.781502793986675
69.98355978430669 61.78573166786927
67.5083941487687 63.498711961203355
64.36622920421922 62.2362755228055
61.873036139770136 60.35025111610918
60.119796393879284 57.76116880932628
62.536178806939375 56.03399178941581
64.42281005740259 53.445017361995724
67.51591669224271 53.494769775804286
70.06240295402196 55.43891338076418
70.73335535429072 57.92087167979031
69.69908274709303 60.93653320220028
67.22428911543446 62.65371129234012
64.10112902509817 61.41813587395404
61.618266164045906 59.55320849202619
59.84380547805432 56.9478176209862
62.25308243248523 55.19056714873602
64.11796665057477 52.5702854967937
67.23153209250268 52.623732231851704
69.76061259645985 54.566827986517836
70.45517077509652 57.063644470420655
69.37436398088508 60.0912539979972
66.89276818724397 61.81333581018322
63.806417654491554 60.63093365507916
61.316106726233556 58.783443182921644
59.531228189812225 56.16096325499191
61.91298802243992 54.38974311022355
63.78692922766621 51.71083899840795
66.89440455342435 51.752890526954104
69.40649558769672 53.703599766263125
70.13070109430603 56.24174709088402
69.01707978341943 59.26934288409083
66.54994349462865 60.99614362334671
63.53874535605195 59.86071375608205
60.97632725836755 58.006599026784045
59.228710267556124 55.37263693126505
61.59833133806359 53.60002205599312
63.44286546894233 50.87318450917357
66.54124450252834 50.912994572781514
69.04992049463044 52.880240940350234
69.82527677748163 55.432184857470276
68.71043053324598 58.4612001814898
66.23709961691887 60.21920170544524
63.21718310890867 59.09976939029613
60.684783437941576 57.30477895901555
58.90862997523851 54.60197433329839
61.27471461088564 52.8428673942212
63.107160115239026 50.06815395479185
66.21115281467269 50.10714826153864
68.7248206855991 52.072548703679814
69.51926423374039 54.60471345538528
68.39990964518759 57.633859562548565
65.94262664883047 59.4102770956618
62.98935892561289 58.316717824201845
60.425655494485085 56.499444211081396
58.64672218281714 53.74954889322021
61.005424506829996 52.02551874834961
62.81391183184897 49.20633884304942
65.91752941194102 49.248881851454996
68.42419035003866 51.219067548620956
69.25634461072914 53.741074683932425
68.14991105642957 56.76810371729684
65.71442150834952 58.53888898016476
62.748965278807674 57.49271893027333
60.203729317739544 55.66401900859978
58.36517514704113 52.913552903428325
60.75183359845522 51.16591495188919
62.54525190147811 48.326434598117686
65.64619572432787 48.363322752504104
68.1719023529794 50.33742300302231
68.99379419981415 52.86284814612034
67.8867363362034 55.89419331611447
65.47221818173796 57.68062930726876
62.521755789115076 56.63559999224387
59.941123217757195 54.82346879453084
58.09663544087215 52.075984995840145
60.49098527066113 50.289797564529465
62.276649597877 47.43265620310632
65.38820666943599 47.46169073742837
67.9280532479035 49.44929920536762
68.72355705178336 51.978342213703115
67.60116627687046 55.007403139123426
65.18721455979039 56.828043353501215
62.26569532490282 55.775514426952554
59.64116864984089 53.943886554216675
57.80530407632449 51.21861862694962
60.155205685615215 49.41617138806134
61.96807298441266 46.53251236688544
65.08560748079177 46.5671080216932
67.63567163142102 48.548951828416875
68.4008985163785 51.11034102085938
67.30308556842235 54.124991721435464
64.90207549425577 55.99163784045345
61.93988438012747 54.936200633387756
59.33085186515652 53.11461024790955
57.5046604422389 50.39052152002796
59.85974981913253 48.58740713181683
61.67460965345438 45.66189851256112
64.78273266505863 45.691546345305994
67.30789823622933 47.67131426195513
68.1390876784501 50.25923920143629
67.02064805542534 53.27013280510127
64.65692012337288 55.147575434366956
61.71115735297212 54.11808083770464
59.06450645580392 52.318185332344
57.230301450431085 49.58429455323798
59.61040254313218 47.79454762224526
61.39649009668585 44.809483175452755
64.50323907076731 44.829547259909646
67.04906726573711 46.806749039798376
67.88184807271313 49.397607403678705
66.76237411893976 52.39250743774704
64.41622132004875 54.29572912992907
61.46271653415542 53.25456695970024
58.812723782243836 51.48590210358407
57.01164116770366 48.75677959629985
59.359427963276346 46.95837068963789
61.1439047473244 43.94445629031367
64.23608078648778 43.95796321347373
66.7806849588959 45.927452815534934
67.6360212514623 48.522685172273185
66.5112169126034 51.52236387469017
64.16905952964842 53.45555323290196
61.21177653237399 52.41993142240105
58.56042693258706 50.662132205083196
56.73543424030106 47.92221191647718
59.09936312827884 46.10306628885354
60.8820162140467 43.06268645060317
63.97338078424744 43.08084284353302
66.51392352042245 45.045716359748894
67.34818348116235 47.65505077895375
66.20375320444356 50.66655914085399
63.85154849004067 52.636128423317786
60.92470723279689 51.61168204314612
58.27361442029161 49.87831556290459
56.42873512665477 47.09265163413954
58.776843111152516 45.24398041017946
60.55893533198014 42.201184614250835
63.64910011815516 42.212720617034634
66.17472723382792 44.18853802059485
67.04122292470441 46.830297072078
65.89697316350424 49.83538138918121
63.55830728867707 51.799995141577654
60.621376782768095 50.80180666360232
57.95796294614746 49.068228180932834
56.136310441203136 46.27562744765649
58.45131833550198 44.420017493409034
60.2322049215434 41.364833378290996
63.341228165669406 41.37154626962682
65.85183067421468 43.369702187783844
66.71303731109043 45.99075060762357
65.5736479058412 48.98984696141946
63.266423210975915 50.96498531733823
60.3039402704016 49.97712867276772
57.68022879953003 48.260367220360166
55.81996454523028 45.453083512681445
58.145517283562555 43.58183636373303
59.91619730772089 40.50940331272918
63.023281592681656 40.518603947584
65.53415945542076 42.54730623283015
66.38637968561142 45.10282578563306
65.27104595168169 48.09414832240293
62.95416826273575 50.11483805177855
60.001713348792094 49.11500972143719
57.38903885971007 47.39178234263747
55.50577633113869 44.59937408450719
57.828364101082286 42.729866974764064
59.57694325329385 39.61466465933266
62.683402960904516 39.62478000016341
65.19705315698963 41.67176791045986
66.02234187161861 44.186352449546604
64.91869924258847 47.17356557291998
62.61291316170505 49.23504540836757
59.64099350457309 48.250928324228596
57.01664059929374 46.496899728302935
55.17004706609379 43.6917306730966
57.44463882119962 41.83273411344061
59.21022317089768 38.68691197912108
62.321594888699394 38.702312607629665
64.80664712907145 40.755493802839325
65.62865945179874 43.26448819159992
64.52673381203897 46.26967934369503
62.258071655673746 48.34245940171019
59.26156194580983 47.36006431845445
56.60303355093896 45.600829713735436
54.77861586477974 42.80368390089856
57.059483503526565 40.91430035684593
58.8256676910386 37.7541812711806
61.94572964793548 37.77313931001055
64.4475185736224 39.83613968224614
65.266699941481 42.354670970762456
64.19600057197584 45.34177349174982
61.89354988135241 47.423968844062244
58.96138133873461 46.49439991965488
56.22982841434512 44.70319091804927
54.43338944826394 41.90712310787637
56.710408095691946 39.98659979583309
58.464190048729535 36.81603583512357
61.5750183288219 36.83698439546727
64.08146010385414 38.911687976264815
64.93214276668499 41.37932611313974
63.88123775706782 44.386948323182764
61.575167075657106 46.45803149096352
58.63695565925909 45.548626460527345
55.91336286471551 43.750581798953846
54.089630215340776 40.97768864720467
56.369768368367374 39.01641968139779
58.117954974495234 35.82798174103135
61.24248680548013 35.84540995251203
63.73433781718833 37.951491096168226
64.63874430483901 40.38067070662396
63.59424438460735 43.42559755297626
61.29637803773787 45.48200527253482
58.349931957298736 44.589521446324284
55.62958810540073 42.80783334584545
53.784670600902416 40.03290509469451
56.064208981415845 38.034980570814156
57.813421043531804 34.82171095085198
60.937538645958995 34.83400961767538
63.41369379977425 36.961263239504774
64.35246866382539 39.369890100756564
63.30770290566139 42.426687246883276
61.018328254062965 44.514813232347024
58.058306344851644 43.59842348971813
55.36329079744124 41.850026224991666
53.501542540895 39.045752174648825
55.756212603872456 37.03118268588469
57.51429569313157 33.79911571770003
60.64248813543912 33.801383725199
63.11915042463812 35.956484657550504
64.03952881269049 38.32250477423054
62.99999589583666 41.40464981484692
60.73529732738359 43.51148435035799
57.77707769000273 42.57599986584847
55.06677467494961 40.861936875767356
53.20487745969663 38.05685123433136
55.450351520213815 35.996852596477794
57.21105854385979 32.73077636154582
60.31763285818707 32.76545675612678
62.832107714748446 34.900405697422016
63.74641970248905 37.27159485906735
62.705351167221835 40.39050159456934
60.4543187877932 42.48264131384329
57.48358995899682 41.56088134492222
54.78791852342039 39.8407462158947
52.940209219073466 37.06186254488097
55.145951359971804 34.96048517793707
56.89629285343335 31.65763357327195
60.00751962861827 31.723011158900647
62.51452545721952 33.84964155812459
63.44705982689578 36.21634346683831
62.40138884139117 39.37010898975208
60.177239285618555 41.45672566939649
57.182484530619604 40.53421846112997
54.495475000064374 38.828815993233135
52.672606401321474 36.05169517108868
54.82857689631942 33.92103068673032
56.574707372930135 30.60199207862533
59.697448803939324 30.670495344196382
62.206353234329356 32.78931268094428
63.146881410479864 35.16721792168045
62.11124456575499 38.33262040654115
59.88231534857809 40.43918030773335
56.89933730758267 39.53628121827332
54.199911205915555 37.830336142948454
52.39560728265232 35.0601224742895
54.500599318447115 32.89202781997976
56.2817137807927 29.569051548032874
59.38954829316978 29.632999750631782
61.91406158513692 31.739797970894713
62.85601065499972 34.12084679555798
61.825958059757994 37.298730364156725
59.614072177826785 39.40669736127833
56.60706613972724 38.54317636354156
53.92259543531043 36.822052010873904
52.1468763297824 34.06144592922165
54.212460550177354 31.862940168189255
55.99493003648928 28.533401923141227
59.09314889192058 28.589313010391265
61.63069608981198 30.686873554681654
62.54819301043034 33.06527054181731
61.53015471291647 36.260993440713094
59.318677636640416 38.3969727397818
56.31672097924843 37.52506633045485
53.62934196602461 35.82346879643342
51.8741536830446 33.06058301268287
53.91201561931686 30.826197919178
55.69384489996136 27.488856457553055
58.78906035235349 27.538609617152815
61.336205618962595 29.622137266352553
62.235054057355114 32.04663065556373
61.22617592050315 35.24749630022711
59.02665537635579 37.407496744239026
56.07272719881462 36.570952818921626
53.37415705525268 34.87666427881591
51.82405730275457 32.35998896091223
53.63905795436969 29.84629118174371
55.39058236274997 26.486898622232502
58.48009552532534 26.527339813324758
61.0438411280561 28.610520572355597
61.99719074111454 31.14225286450727
61.02437099855274 34.3596648399575
58.82527985131799 36.54086816250353
55.89401280294891 35.745323428970664
53.287894368866205 34.22051088614802
52.0480441361388 31.90452306285347
53.46738583619265 29.02794861908623
55.18459892190987 25.610367663799124
58.254522140089875 25.637349066549334
60.80377620438216 27.714024317715854
61.83244810105492 30.27016387141515
60.8746729394083 33.515313090012185
58.71326304069237 35.79258328731814
55.87847169915878 35.01870708673923
53.35149470773587 33.736917092950634
52.47511488384788 31.290201663094436
53.38959768350688 28.2378475542246
55.0787854753149 24.793021850949813
58.14488027712534 24.79703683261198
60.64044782691332 26.866776708770203
61.787204809932916 29.429606816088082
60.8860665460322 32.70325432166203
58.75772753836026 35.02645216427727
56.02356021561499 34.30803459267602
53.42399779829708 33.249241815300806
52.848390907806504 30.51735321948638
53.39949778115974 27.461150835948956
55.07953138414695 24.012229716175412
58.1321871374341 23.98802907536188
60.6415978228099 26.04296213535754
61.76446216119797 28.609240118719157
60.855249792958034 31.913820775013804
58.85095487431167 34.257272022064214
56.05011159227166 33.632632567507216
53.37984013148795 32.705304606338586
52.91890144553929 29.79782565825802
53.40887867030895 26.7252148605547
55.071265286689965 23.24517146262663
58.10308614397272 23.21355124559274
60.60518250492481 25.229656937448965
61.71454182152294 27.84041981203798
60.78799406422522 31.18901310345035
58.87927922665409 33.55953390457282
56.053112752755794 32.9420734541965
53.256958215644545 32.10270292011657
52.88943333897706 29.123440003331126
53.377788361551154 25.973380109147797
55.03889536481711 22.51122561983307
58.05576516552654 22.48540022916299
60.53122867401564 24.46884173431303
61.59256244401439 27.07248353768955
60.66552099252914 30.43960949036824
58.84235364385427 32.85400105538301
55.98644649297114 32.27970742399441
53.154292765019164 31.477265541724265
52.87923221833739 28.432958967827176
53.25873824066079 25.227079727955555
54.946955450645675 21.783772174188172
57.953490192271204 21.76251155467247
60.41990788374898 23.70312955138087
61.470619915493074 26.359726839042153
60.53387172333734 29.751604148522148
58.80285501989147 32.21425831536905
55.88158317071026 31.63979090874085
53.03210353082494 30.87626955298893
52.88819432923219 27.772181944676618
53.11250137471478 24.531956344908025
54.83028858404276 21.10871064026341
57.817116201547606 21.096243009493506
60.304347190931026 23.007117120414392
61.364959903904804 25.669395871884234
60.434076338522914 29.073640776618447
58.741838139334845 31.56763757244424
55.809780891033796 31.00987952609782
52.93770459662812 30.24717843369048
52.8684112549081 27.118572602579164
53.00121590404362 23.833567100881623
54.76247284068438 20.431631186312828
57.74365220722342 20.42554569154737
60.2293007853541 22.323070614428758
61.25563262101039 24.938597256718296
60.34752803366047 28.362527168663433
58.67249738470076 30.87589370992464
55.763899009342936 30.31326460703697
52.91677095776913 29.555095991540043
52.864036812825816 26.394894954838406
52.94611178873163 23.082195219109394
54.70064252439161 19.720424907403512
57.68899317006259 19.735420490436212
60.18045337288041 21.603234610236484
61.17043080879807 24.13900984795056
60.280010236739 27.59120625556959
58.63258136968142 30.136307719261794
55.749614986600676 29.552795300836976
52.91084110877341 28.804065742172682
52.87493734887457 25.626359177004957
52.92750966331653 22.28325257250752
54.66952064943712 18.966245693506977
57.646280554041255 18.978831230966293
60.126236599035366 20.836926939365753
61.09373064965314 23.336200779364503
60.18702399330505 26.797962367499565
58.609889299012536 29.3860325529582
55.733392656422154 28.766593618902732
52.92501195194512 28.058293769492423
52.886196717316835 24.843312597087532
52.94252078356956 21.47063922694153
54.596068587881376 18.194422007660947
57.59519318781054 18.21820602443941
60.06908451599264 20.072954401400395
61.047835237454365 22.581236587315786
60.13633463101189 26.045456537849304
58.61209040795461 28.682524150062918
55.77154365838925 28.027782405666954
52.95264882618142 27.302972369133613
52.92254233720223 24.116635968818613
52.96745009562562 20.70029034177989
54.58609651533686 17.47129866083054
57.585325317666246 17.491119616047854
60.05186827498349 19.337025340102855
60.99835726997031 21.83954736063103
60.11740576185244 25.301543572539074
58.63267621473673 27.98649973557565
55.775562266570915 27.313475660528
52.94393340103386 26.56128374178637
52.94078470099791 23.39588349445593
52.96408072458365 19.945846380986907
54.559263183471074 16.757081760114545
57.55895929140274 16.77993366021738
60.03783605035284 18.61716356318776
60.936656709425165 21.083649940842278
60.07131070397605 24.54048523330033
58.63200972507914 27.25725268426156
55.75321810930234 26.57516813688291
52.952467294838186 25.85099646464066
52.956788288710015 22.638859959938557
52.941788635685526 19.17068099362851
54.5088026112079 16.030481229270492
57.51255628687045 16.055159283654916
59.99810118827935 17.882828941265473
60.8595296008171 20.3178586835937
60.00322046763884 23.76790699229764
58.613586917326785 26.526252445985875
55.752366752014325 25.82544517275278
52.87835609409382 25.110665075130697
52.92463654623194 21.88382344893685
52.869423294892385 18.39075888781788
54.44741880466901 15.288958501010143
57.45162612871866 15.319196791883215
59.94463314366752 17.160302574864403
60.723702402770584 19.573560546889766
59.885859631526614 22.993770047900014
58.54340311560048 25.793012366744563
55.66708762785021 25.09261267365177
52.868966366989696 24.357972323915874
52.86993782882996 21.126947094584978
52.736765219830374 17.609499131685993
54.31853298054284 14.550399884680445
57.32792517429044 14.58462272817198
59.8325545156259 16.41525587301271
60.58897542868672 18.850733479214426
59.78886241169056 22.25539536061264
58.48830136444667 25.097289295286103
55.646378625956345 24.382603213118742
52.85464262004183 23.5993321330658
52.848997919311444 20.39958430640708
52.60836673765752 16.857437362939464
54.196523062088374 13.827333691051365
57.19733570342834 13.866891831760029
59.73761098202431 15.68590401937712
60.465730225524794 18.133565440665777
59.68703515728822 21.49603375802843
58.43871435656558 24.377105729779146
55.61197357220408 23.66624689216067
52.86990325952263 22.88581415917369
52.822572450191984 19.682795534783395
52.50547517342767 16.094843107141088
54.07892288100271 13.11251511241123
57.10256197486339 13.147858586678737
59.64261305334699 14.96867638005682
60.357737186606016 17.43751901039427
59.61750029973567 20.765336405555104
58.41153699431112 23.69690671669815
55.586227261024305 23.004375707923003
52.852860641956624 22.160085124538696
52.769143206194514 18.995243317883208
52.36648245417649 15.385289758975802
53.967784415822905 12.424958613006623
57.01039993635385 12.457065678530967
59.54090257816867 14.264600438117071
60.236097445879096 16.77795981586509
59.49285838092919 20.084763634446887
58.3478213110846 23.061441803845284
55.54119033684205 22.3984424300085
52.816184789289565 21.508014786360476
52.613604180359005 18.335874999934575
52.23973799259312 14.734200018445648
53.83040218425879 11.779193560727109
56.865697123931284 11.807926843964452
59.39863348212867 13.612273663033875
60.09454207360349 16.09727272593105
59.328482579041065 19.379283956296007
58.295503366376494 22.381894112968084
55.48784886200008 21.73919668408135
52.804741807955224 20.82242909035145
52.41779230114474 17.65534727505981
52.02641453558465 14.020002869628712
53.67935162597101 11.114073452609844
56.70276623623192 11.147005677716521
59.24071340215801 12.953748851148447
59.93721127651159 15.413962190864538
59.15877350267894 18.68851923710787
58.23206263087408 21.70290877805411
55.42859932726847 21.097838248376746
52.81346041823127 20.112093711722423
52.22629870811781 16.95144967845509
51.82623161108771 13.303140595931623
53.53179770460869 10.434625749160872
56.53513371804857 10.478133509212583
59.086708342586405 12.283784675484938
59.79094655369971 14.734232942916236
58.980868136221204 17.9690781078355
58.18803299105116 21.023789953064338
55.35791382516058 20.430130472528305
52.783168611852005 19.385540483579035
52.065096510347814 16.229889531679845
51.61651479616873 12.571381318883454
53.38322360286884 9.742065108874755
56.36684773835839 9.787266815464392
58.902940022910116 11.599886686883067
59.5891746678129 14.080494139393835
58.74281462154727 17.267311538274356
58.08875076179635 20.350467202660298
55.26002432621195 19.794549990602718
52.55056894990517 18.64553830150294
51.82385353555287 15.524495809089572
51.3440896855991 11.858792641660017
53.17854128073125 9.07123996327428
56.157387034703305 9.137509287023875
58.686831235756216 10.951809677557137
59.31793278880022 13.436577955482136
58.43947763246774 16.567453270950566
57.88726354101118 19.70339177367343
55.0219039959764 19.149546467567603
52.28149813154221 17.99575854896362
51.50094184837474 14.827362381735739
51.01893187927601 11.154477744578273
52.88435151533048 8.428439897758182
55.90969610577409 8.517060020811755
58.43278830303947 10.312669977110474
59.02828452282267 12.82227843096696
58.14627483468195 15.904044074718797
57.684514385149384 19.044935590503954
54.77358130930605 18.551230186089583
51.96923928013413 17.362187288801493
51.11553368911032 14.191672745270864
50.64499190044688 10.502750303921658
52.58243962300355 7.834743074916972
55.64622578843529 7.923812801713552
58.142467332247975 9.73607929781862
58.63543646094263 12.249120069698563
57.76136762928286 15.28154327835071
57.37108690441215 18.436263230421673
54.39960773754649 17.98957322524346
51.56909065911441 16.74419424671298
50.692152808480785 13.550187905895612
50.20899253511982 9.863651904634978
52.19262262607606 7.273611640068481
55.26461680569517 7.343505556108255
57.738983488835686 9.185229949495792
58.25259893473225 11.728454704111385
57.37811031141578 14.686273756926425
57.04248957811501 17.86571648289977
54.01437047364061 17.445310867212
51.141550532099274 16.133381197594503
50.27152380836509 12.970748973128266
49.78673608277103 9.263598396417208
51.786768603802244 6.759952543267474
54.86963417664123 6.823458520490107
57.36858636218014 8.652407866879926
57.80116614969032 11.232295063581688
56.90914238777691 14.131342058204709
56.601708086589895 17.35117856625061
53.56750681628267 16.908244526636864
50.6581585359213 15.556334517714049
49.79368326291893 12.430292963003666
49.31909680725528 8.725476445377552
51.369948169947094 6.247393218079196
54.44855919485113 6.320564732743605
56.92232947673659 8.163980086958077
57.29095686440297 10.745652021514132
56.37170121285311 13.601259817817066
56.08939945139099 16.85830278234141
53.033340723747585 16.393513879950305
50.1022167675938 15.037697642720943
49.22198730208149 11.90777764161389
48.76013142547774 8.186886409397488
50.832287535235224 5.767767638581688
53.924073231902184 5.840480152582202
56.41731242533186 7.717708600461108
56.72059137891213 10.285299888028263
55.773045810391494 13.134986377692371
55.507124962362184 16.38767923084579
52.44210450599911 15.89747993459845
49.500923224933075 14.52768955676791
48.613316746352496 11.381436539577692
48.13662578663042 7.65729615210094
50.24632410850225 5.297233962523009
53.33325688325215 5.382640142802657
55.84576273310694 7.297387559799205
56.11181637413486 9.861362549120386
55.14363073145131 12.688631908816916
54.89064591519093 15.95851513198103
51.807359094746005 15.439704457602147
48.85229293607907 14.048139275176126
47.95471633040276 10.894547343341927
47.4799107758335 7.16956509268627
49.6170175787513 4.87216969956971
52.72976338054846 4.974044484187132
55.22937123242008 6.867852009204725
55.457654991700565 9.46593800220461
54.50381733539311 12.296456842493654
54.27118816652077 15.51815760217211
51.15597444339792 14.993502269171572
48.17081421797164 13.574009775996075
47.25724219119084 10.426501003678652
46.77557834530941 6.708206693835649
48.993311139549235 4.4718133568401015
52.09154538809736 4.584845623783352
54.602096350732324 6.471901076205512
54.84961258490242 9.089893771390848
53.873153406305335 11.89740244339346
53.60084161031648 15.096032545747732
50.4821005487625 14.568545808296719
47.49084659044314 13.117227905586105
46.561408223211345 9.978358260308255
46.116689301339335 6.302238743511367
48.3964730565221 4.103712285960768
51.478940619160284 4.236280907959667
53.98902635368961 6.110720358582952
54.37898029236561 8.828756806533491
53.377818745566344 11.652471127220565
53.03218922071957 14.727917491356123
49.84816385625501 14.206186551589525
46.86420667679636 12.727008929567788
45.929375933206046 9.616566304848817
45.63439444340685 6.013068710419731
47.95720636513988 3.879844075296802
51.064017094572876 3.9808920226880957
53.549855778579484 5.8493586015837025
54.09940280987223 8.610532913973444
53.06719977713959 11.419714485494296
52.5238240987633 14.401743429114703
49.32282325221391 13.893284870325289
46.40803478025737 12.382906917548908
45.48732315617107 9.323109734338374
45.31656137912097 5.792050826479098
47.67579767771207 3.721751644514839
50.7785439878684 3.8073675224712247
53.239809540784336 5.64984932540807
53.90171321255775 8.49856462245448
52.8660880172784 11.309848656192898
52.1329643985284 14.210056581538538
48.95130406048571 13.679718716270756
46.09892827298282 12.138435440181937
45.2032035111211 9.163051553940036
45.12534978040836 5.648641873579351
47.49746665275751 3.6356625602949464
50.59583528503438 3.713316387009968
53.08722857287833 5.562860891754667
53.82717881644527 8.436879006334493
52.761305459951075 11.260997026208983
51.86887622986231 14.064004368460232
48.74963166726627 13.585297167434106
45.95525077770009 12.052030712465225
45.0551821839677 9.050102277470529
45.05899302475939 5.5986934634813394
47.455670183556606 3.6123188234854524
50.557389818942085 3.694691928827268
52.99494974920182 5.53728968838783
53.83953396731795 8.474636175197134
52.79358145254622 11.27194318012836
51.755187193179665 14.016380167254695
48.67757919969284 13.556945921605532
45.920736120008314 12.03009037787281
45.041959698683826 9.01956392640858
45.119130610771094 5.621021675176479
47.542334936653305 3.6488414923581587
50.60557940572741 3.745766128180435
53.00714335921407 5.579883989934132
53.93659490874006 8.531590164114121
52.88318578602855 11.306769711842875
51.73992484994807 14.036352880537436
48.67956945568383 13.597200957171708
45.92631908570576 12.049090665112061
45.11814193861579 9.029130031057136
45.2356699060345 5.7173936376805585
47.64418417655102 3.768052701338007
50.68440623183818 3.8403121580632273
53.0660501997595 5.671841536231426
54.05559803771044 8.615908181441796
52.997354990417165 11.394151073761336
51.729950606855994 14.077499499164531
48.708096611766564 13.650602868955929
46.00241629770167 12.108154903062612
45.20910834294105 9.086212545359956
45.38648748902909 5.808812677047783
47.77640364681528 3.883751583747241
50.785550934376346 3.921603283197797
53.15537285852764 5.771274089251335
54.19608400454072 8.717034265571868
53.12814649061812 11.459996507674873
51.78072599675514 14.102278203772372
48.769051942930076 13.685131741329286
46.09297299561268 12.159290475623095
45.29609433683109 9.145527435255048
45.52818825057946 5.866230650709184
47.90988633974197 3.9578758885057965
50.90161968638995 4.009818352003819
53.25094108663342 5.86248273410078
54.2824013207495 8.714104872781562
53.192849618034415 11.495438803365005
51.777782172609506 14.101852590182531
48.78708488059365 13.682309891298516
46.12786173628996 12.187624899509274
45.344589021969114 9.147633525210821
45.60068041052472 5.912638714250264
47.96648081104871 4.016001109782522
50.95729847648931 4.0535623196135475
53.322404441953125 5.900798256429752
54.34096828234169 8.731766753999523
53.25174386931653 11.497506216392296
51.780349833115395 14.071185188028267
48.782894247693974 13.702279884970963
46.1864131806708 12.160939325548327
45.367075915144426 9.152750686327053
45.66217959518332 5.9372203225388915
48.02696648487466 4.05858557671182
51.01651087762821 4.036029773162227
53.39524667015701 5.869522477842992
54.355395756102155 8.715032250799638
53.32131456281394 11.533009877931121
51.764136641247774 14.071771119876686
48.77488429650606 13.703741965220118
46.191287018343786 12.147746005768369
45.37073755097512 9.152889469661801
45.6948410428563 5.933751059519537
48.05916127286531 4.073275575202942
51.0546816753365 4.049412461093084
53.43011135344449 5.890464945239614
54.39599462005853 8.7201856212628
53.338023791956886 11.56245788303562
51.72931472928522 14.070801857453688
48.75673609240894 13.706735864747856
46.20183950248719 12.127677637497953
45.37337651541989 9.170090703253067
45.7071303028427 5.930167401290646
48.06840445530463 4.081448653837782
51.06036422284677 4.047942113641994
53.443421252644555 5.8691226441553965
54.41352447855135 8.726632471187173
53.34617525752995 11.565929733721902
51.728439135447104 14.042150252166394
48.73654117954425 13.682221285260667
46.200566843624415 12.09949756432249
45.379452112830705 9.165212605289724
45.7234576598963 5.934882241237091
48.073873279544216 4.086763656599672
51.08265005743766 4.029953489341466
53.47701585962807 5.864623928064702
54.44414502301166 8.731941110123913
53.418507612834276 11.567166053203096
51.711430095117265 14.003640312565167
48.732621452913236 13.66915902363749
46.214671232296155 12.082539477696258
45.38699689740832 9.155631576326556
45.75157596441818 5.939750108249697
48.10278795857673 4.088140164411612
51.115012558236685 4.03805755173336
53.50129465321223 5.871635365990812
54.46300521788913 8.739265995607212
53.439780004743966 11.57211619675499
51.70376299074482 13.984426275523134
48.741785114682614 13.675684162415621
46.209808381377 12.067859653753104
45.36444286113874 9.15497913226244
45.731915027036024 5.92996901106568
48.11173759020886 4.0904590849493445
51.126063695840685 4.037398985735933
53.521257553700906 5.867673955467566
54.46393236385455 8.743696952939558
53.46188047672649 11.570080806166672
51.69886601717198 13.955678309880227
48.73839373516978 13.660133948719135
46.19650715707053 12.046246311047724
45.343312334340396 9.121016522575573
45.733230890285654 5.918583911209382
48.117664042467084 4.10286173775124
51.1462567274682 4.029880217357103
53.54338356076883 5.870295470330717
54.47262830899774 8.736648524199566
53.473405219369965 11.554709150522399
51.70758021043099 13.934000282914468
48.722168907687205 13.63819800275347
46.18522473781309 12.02674215527422
45.31719799667661 9.078248982597984
45.729171315983194 5.908947395880787
48.14234772413192 4.091258195361377
51.15475206440186 4.042183621445233
53.549668658949486 5.877390136355132
54.4786747698804 8.755507540768647
53.4867727106915 11.550349232023777
51.70395883813359 13.930883453914944
48.69892149758209 13.638658021216713
46.16586835137335 12.018510887767206
45.31558757649165 9.074447812115366
45.71394229632983 5.9216649762265945
48.122870877411344 4.091957658207022
51.164731345609255 4.037399246779145
53.5709262951369 5.888510634098154
54.476879292806444 8.732709022470146
53.49741441813097 11.545986716941783
51.66829433536978 13.953711296160037
48.69336718897728 13.617996779512936
46.15112115589156 11.999695659589662
45.29420107314161 9.065701625746229
45.71525079109506 5.930342306468916
48.12605399746039 4.089759394251104
51.17272751974616 4.061027903197996
53.55134919939974 5.888752127830685
54.511921224633596 8.731135125767707
53.514543341282064 11.563394226225995
51.67026181932005 13.915244537919392
48.68251325620798 13.598718149120842
46.13040530263254 11.968867756238751
45.29716956116681 9.069552908727644
45.729805715784295 5.92993979702068
48.14264617896896 4.079175846705141
51.1746280895554 4.046325352355595
53.57106132097118 5.875586599137051
54.51305130669016 8.73156622301019
53.526088113895696 11.547675023854609
51.6605079231432 13.928279380947856
48.682759810869754 13.594008808870399
46.13249399205225 11.954472830739718
45.297317153432715 9.050619490468023
45.73547775984588 5.930525229379327
48.15394155219178 4.08658437234638
51.18257810369499 4.043563486754934
53.59295472930455 5.881265822691901
54.5362415205247 8.739302292069638
53.55366124907147 11.57463656786399
51.65883175386392 13.915396178811903
48.66641706694787 13.600400720964089
46.1268156670769 11.953034882289217
45.289494424128776 9.045469786021414
45.75414820854138 5.937608758346329
48.17414533772586 4.110569093696398
51.1891318398869 4.047517049580733
53.587045082118124 5.9053202597318375
54.56414493655657 8.752222893300072
53.56480578478795 11.599814314593345
51.65160304748454 13.907064352434105
48.63933545413093 13.610366172171013
46.10485008667797 11.969154376006372
45.279831672902304 9.07976674311847
45.75909365988878 5.97021026491349
48.18226484020897 4.126080681940877
51.201757458210125 4.040075033699267
53.592616279356434 5.902816616757676
54.55517317905665 8.762929625693602
53.56491002439549 11.611763567667793
51.631352783478974 13.863036238149704
48.640212928402946 13.612998155004234
46.103196494200404 11.963915600511768
45.28144825146285 9.066901957958109
45.771302092645215 5.9819220143424445
48.15782804675018 4.131736185625925
51.20291812457876 4.0397346776637875
53.60461853398505 5.899336858394463
54.556814031534486 8.760474216117416
53.597264660377874 11.627320346817513
51.62243579305073 13.858317525941246
48.639622598204284 13.601419895560781
46.100000772422845 11.948974948714167
45.27348877145624 9.059786419221581
45.767770546973054 5.979808996268758
48.159347792260945 4.120058832919483
51.205436362359194 4.049451001457996
53.61336697286703 5.8977478275525925
54.557086199798846 8.746574191231502
53.617859154788704 11.636954924928716
51.622144677650965 13.853384414490819
48.63860485789354 13.59712026733817
46.1089530596098 11.938944517688043
45.26871827630825 9.054720737317979
45.76671385684023 5.989151346517502
48.1830231700979 4.134396382058185
51.213375270562864 4.059303236683732
53.63732429746136 5.89601921380256
54.559392465166184 8.752409973305447
53.62172643790231 11.643581961300143
51.60111445433199 13.843507920487056
48.61783116829264 13.592615393239697
46.084291600148475 11.943136244852894
45.279948215692286 9.056608401469362
45.76652504331389 5.9882290128005025
48.19653906070454 4.142866564553572
51.21474850944267 4.058854184669627
53.623422900340586 5.904173643931216
54.5682255104212 8.755260803813371
53.63455263216878 11.646997496406044
51.5940534335019 13.846701235983545
48.60099068259899 13.606912002192828
46.11190046754899 11.944448468072736
45.281289294789275 9.046008704746484
45.77657119400877 5.991899174471513
48.199745192443686 4.148332466579944
51.21927393018029 4.063448022786432
53.62570437168682 5.903814322536633
54.575576335038136 8.75071941634127
53.63751978245796 11.618722857682243
51.58435856523113 13.830851884583922
48.59737030259305 13.60840732392245
46.10444525885751 11.936053513294965
45.27196406340576 9.0346167996709
45.782889307286354 5.987314185237551
48.20068266063376 4.148498112578395
51.22908548656574 4.065026491245135
53.63309414698955 5.897343442436892
54.6060218868337 8.760522595738294
53.6453888699298 11.643344453654791
51.58191700515309 13.811535173020701
48.584460464428446 13.588857481001583
46.07684784688783 11.916510282590792
45.25180035045764 9.025313201516795
45.788091795954614 5.9946667935507065
48.20012683973681 4.165758917198417
51.233701818956064 4.083443542399081
53.640338215595875 5.899785944792484
54.610237640260266 8.783827211372198
53.66627551358209 11.64569612671876
51.57494479709567 13.815316859271476
48.58086138892139 13.607598720974835
46.10999232116512 11.922690598535738
45.26882333248284 9.030964788567204
45.800185405670135 5.986404544127041
48.229154721449305 4.176005680588901
51.241794528926334 4.109714647390277
53.665725718010634 5.911361414440648
